100
0
0:0
1,3,299,299
101
2
100:0
1,3,299,299,32,3,3,2,2,0,0,1
102
2
101:0
1,32,149,149,32,3,3,1,1,0,0,1
103
2
102:0
1,32,147,147,64,3,3,1,1,1,1,1
104
4
103:0
1,64,147,147,4,3,3,2,2,0,0,0
105
2
104:0
1,64,73,73,80,1,1,1,1,0,0,1
106
2
105:0
1,80,73,73,192,3,3,1,1,0,0,1
107
4
106:0
1,192,71,71,4,3,3,2,2,0,0,0
108
2
107:0
1,192,35,35,64,1,1,1,1,0,0,1
109
2
107:0
1,192,35,35,48,1,1,1,1,0,0,1
111
2
107:0
1,192,35,35,64,1,1,1,1,0,0,1
114
5
107:0
1,192,35,35,5,3,3,1,1,1,1,1
110
2
109:0
1,48,35,35,64,5,5,1,1,2,2,1
112
2
111:0
1,64,35,35,96,3,3,1,1,1,1,1
115
2
114:0
1,192,35,35,32,1,1,1,1,0,0,1
116
9
108:0,110:0
1,64,35,35
113
2
112:0
1,96,35,35,96,3,3,1,1,1,1,1
117
9
113:0,115:0
1,96,35,35
118
9
116:0,117:0
1,128,35,35
119
2
118:0
1,256,35,35,64,1,1,1,1,0,0,1
120
2
118:0
1,256,35,35,48,1,1,1,1,0,0,1
122
2
118:0
1,256,35,35,64,1,1,1,1,0,0,1
125
5
118:0
1,256,35,35,5,3,3,1,1,1,1,1
121
2
120:0
1,48,35,35,64,5,5,1,1,2,2,1
123
2
122:0
1,64,35,35,96,3,3,1,1,1,1,1
126
2
125:0
1,256,35,35,64,1,1,1,1,0,0,1
127
9
119:0,121:0
1,64,35,35
124
2
123:0
1,96,35,35,96,3,3,1,1,1,1,1
128
9
124:0,126:0
1,96,35,35
129
9
127:0,128:0
1,128,35,35
130
2
129:0
1,288,35,35,64,1,1,1,1,0,0,1
131
2
129:0
1,288,35,35,48,1,1,1,1,0,0,1
133
2
129:0
1,288,35,35,64,1,1,1,1,0,0,1
136
5
129:0
1,288,35,35,5,3,3,1,1,1,1,1
132
2
131:0
1,48,35,35,64,5,5,1,1,2,2,1
134
2
133:0
1,64,35,35,96,3,3,1,1,1,1,1
137
2
136:0
1,288,35,35,64,1,1,1,1,0,0,1
138
9
130:0,132:0
1,64,35,35
135
2
134:0
1,96,35,35,96,3,3,1,1,1,1,1
139
9
135:0,137:0
1,96,35,35
140
9
138:0,139:0
1,128,35,35
141
2
140:0
1,288,35,35,384,3,3,2,2,0,0,1
142
2
140:0
1,288,35,35,64,1,1,1,1,0,0,1
145
5
140:0
1,288,35,35,5,3,3,2,2,0,0,0
143
2
142:0
1,64,35,35,96,3,3,1,1,1,1,1
144
2
143:0
1,96,35,35,96,3,3,2,2,0,0,1
146
9
141:0,144:0
1,384,17,17
147
9
145:0,146:0
1,480,17,17
148
2
147:0
1,768,17,17,192,1,1,1,1,0,0,1
149
2
147:0
1,768,17,17,128,1,1,1,1,0,0,1
152
2
147:0
1,768,17,17,128,1,1,1,1,0,0,1
157
5
147:0
1,768,17,17,5,3,3,1,1,1,1,1
150
2
149:0
1,128,17,17,128,1,7,1,1,0,3,1
153
2
152:0
1,128,17,17,128,7,1,1,1,3,0,1
158
2
157:0
1,768,17,17,192,1,1,1,1,0,0,1
151
2
150:0
1,128,17,17,192,7,1,1,1,3,0,1
154
2
153:0
1,128,17,17,128,1,7,1,1,0,3,1
159
9
148:0,151:0
1,192,17,17
155
2
154:0
1,128,17,17,128,7,1,1,1,3,0,1
156
2
155:0
1,128,17,17,192,1,7,1,1,0,3,1
160
9
156:0,158:0
1,192,17,17
161
9
159:0,160:0
1,384,17,17
162
2
161:0
1,768,17,17,192,1,1,1,1,0,0,1
163
2
161:0
1,768,17,17,160,1,1,1,1,0,0,1
166
2
161:0
1,768,17,17,160,1,1,1,1,0,0,1
171
5
161:0
1,768,17,17,5,3,3,1,1,1,1,1
164
2
163:0
1,160,17,17,160,1,7,1,1,0,3,1
167
2
166:0
1,160,17,17,160,7,1,1,1,3,0,1
172
2
171:0
1,768,17,17,192,1,1,1,1,0,0,1
165
2
164:0
1,160,17,17,192,7,1,1,1,3,0,1
168
2
167:0
1,160,17,17,160,1,7,1,1,0,3,1
173
9
162:0,165:0
1,192,17,17
169
2
168:0
1,160,17,17,160,7,1,1,1,3,0,1
170
2
169:0
1,160,17,17,192,1,7,1,1,0,3,1
174
9
170:0,172:0
1,192,17,17
175
9
173:0,174:0
1,384,17,17
176
2
175:0
1,768,17,17,192,1,1,1,1,0,0,1
177
2
175:0
1,768,17,17,160,1,1,1,1,0,0,1
180
2
175:0
1,768,17,17,160,1,1,1,1,0,0,1
185
5
175:0
1,768,17,17,5,3,3,1,1,1,1,1
178
2
177:0
1,160,17,17,160,1,7,1,1,0,3,1
181
2
180:0
1,160,17,17,160,7,1,1,1,3,0,1
186
2
185:0
1,768,17,17,192,1,1,1,1,0,0,1
179
2
178:0
1,160,17,17,192,7,1,1,1,3,0,1
182
2
181:0
1,160,17,17,160,1,7,1,1,0,3,1
187
9
176:0,179:0
1,192,17,17
183
2
182:0
1,160,17,17,160,7,1,1,1,3,0,1
184
2
183:0
1,160,17,17,192,1,7,1,1,0,3,1
188
9
184:0,186:0
1,192,17,17
189
9
187:0,188:0
1,384,17,17
190
2
189:0
1,768,17,17,192,1,1,1,1,0,0,1
191
2
189:0
1,768,17,17,192,1,1,1,1,0,0,1
194
2
189:0
1,768,17,17,192,1,1,1,1,0,0,1
199
5
189:0
1,768,17,17,5,3,3,1,1,1,1,1
192
2
191:0
1,192,17,17,192,1,7,1,1,0,3,1
195
2
194:0
1,192,17,17,192,7,1,1,1,3,0,1
200
2
199:0
1,768,17,17,192,1,1,1,1,0,0,1
193
2
192:0
1,192,17,17,192,7,1,1,1,3,0,1
196
2
195:0
1,192,17,17,192,1,7,1,1,0,3,1
201
9
190:0,193:0
1,192,17,17
197
2
196:0
1,192,17,17,192,7,1,1,1,3,0,1
198
2
197:0
1,192,17,17,192,1,7,1,1,0,3,1
202
9
198:0,200:0
1,192,17,17
203
9
201:0,202:0
1,384,17,17
204
2
203:0
1,768,17,17,192,1,1,1,1,0,0,1
206
2
203:0
1,768,17,17,192,1,1,1,1,0,0,1
210
4
203:0
1,768,17,17,4,3,3,2,2,0,0,0
205
2
204:0
1,192,17,17,320,3,3,2,2,0,0,1
207
2
206:0
1,192,17,17,192,1,7,1,1,0,3,1
208
2
207:0
1,192,17,17,192,7,1,1,1,3,0,1
209
2
208:0
1,192,17,17,192,3,3,2,2,0,0,1
211
9
205:0,209:0,210:0
1,320,8,8
212
2
211:0
1,1280,8,8,320,1,1,1,1,0,0,1
213
2
211:0
1,1280,8,8,384,1,1,1,1,0,0,1
217
2
211:0
1,1280,8,8,448,1,1,1,1,0,0,1
222
4
211:0
1,1280,8,8,4,3,3,1,1,1,1,0
214
2
213:0
1,384,8,8,384,1,3,1,1,0,1,1
215
2
213:0
1,384,8,8,384,3,1,1,1,1,0,1
218
2
217:0
1,448,8,8,384,3,3,1,1,1,1,1
223
2
222:0
1,1280,8,8,192,1,1,1,1,0,0,1
216
9
214:0,215:0
1,384,8,8
219
2
218:0
1,384,8,8,384,1,3,1,1,0,1,1
220
2
218:0
1,384,8,8,384,3,1,1,1,1,0,1
221
9
219:0,220:0
1,384,8,8
224
9
212:0,216:0,221:0,223:0
1,320,8,8
225
2
224:0
1,2048,8,8,320,1,1,1,1,0,0,1
226
2
224:0
1,2048,8,8,384,1,1,1,1,0,0,1
230
2
224:0
1,2048,8,8,448,1,1,1,1,0,0,1
235
4
224:0
1,2048,8,8,4,3,3,1,1,1,1,0
227
2
226:0
1,384,8,8,384,1,3,1,1,0,1,1
228
2
226:0
1,384,8,8,384,3,1,1,1,1,0,1
231
2
230:0
1,448,8,8,384,3,3,1,1,1,1,1
236
2
235:0
1,2048,8,8,192,1,1,1,1,0,0,1
229
9
227:0,228:0
1,384,8,8
232
2
231:0
1,384,8,8,384,1,3,1,1,0,1,1
233
2
231:0
1,384,8,8,384,3,1,1,1,1,0,1
234
9
232:0,233:0
1,384,8,8
237
9
225:0,229:0,234:0,236:0
1,320,8,8
238
5
237:0
1,2048,8,8,5,8,8,1,1,0,0,0
