100
0
0:0
1,3,299,299
101
2
100:0
1,3,299,299,32,3,3,2,2,0,0,1
102
2
101:0
1,32,149,149,32,3,3,1,1,0,0,1
103
2
102:0
1,32,147,147,64,3,3,1,1,1,1,1
104
4
103:0
1,64,147,147,4,3,3,2,2,0,0,0
105
2
104:0
1,64,73,73,80,1,1,1,1,0,0,1
106
2
105:0
1,80,73,73,192,3,3,1,1,0,0,1
107
4
106:0
1,192,71,71,4,3,3,2,2,0,0,0
114
5
107:0
1,192,35,35,5,3,3,1,1,1,1,1
6125
2
107:0
1,192,35,35,176,1,1,1,1,0,0,1
115
2
114:0
1,192,35,35,32,1,1,1,1,0,0,1
6126
10
6125:0
48,128
6127
0
6126:0
1,48,35,35
6128
0
6126:1
1,128,35,35
110
2
6127:0
1,48,35,35,64,5,5,1,1,2,2,1
3566
10
6128:0
64,64
3567
0
3566:0
1,64,35,35
3568
0
3566:1
1,64,35,35
3743
9
110:0,3567:0
1,64,35,35
112
2
3568:0
1,64,35,35,96,3,3,1,1,1,1,1
113
2
112:0
1,96,35,35,96,3,3,1,1,1,1,1
6010
9
113:0,115:0
1,96,35,35
5826
9
3743:0,6010:0
1,128,35,35
125
5
5826:0
1,256,35,35,5,3,3,1,1,1,1,1
4339
2
5826:0
1,256,35,35,176,1,1,1,1,0,0,1
126
2
125:0
1,256,35,35,64,1,1,1,1,0,0,1
4340
10
4339:0
64,112
4341
0
4340:0
1,64,35,35
4342
0
4340:1
1,112,35,35
123
2
4341:0
1,64,35,35,96,3,3,1,1,1,1,1
3444
10
4342:0
64,48
124
2
123:0
1,96,35,35,96,3,3,1,1,1,1,1
3445
0
3444:0
1,64,35,35
3446
0
3444:1
1,48,35,35
4180
9
124:0,126:0
1,96,35,35
121
2
3446:0
1,48,35,35,64,5,5,1,1,2,2,1
3857
9
121:0,3445:0
1,64,35,35
5918
9
3857:0,4180:0
1,128,35,35
136
5
5918:0
1,288,35,35,5,3,3,1,1,1,1,1
4033
2
5918:0
1,288,35,35,176,1,1,1,1,0,0,1
137
2
136:0
1,288,35,35,64,1,1,1,1,0,0,1
4034
10
4033:0
48,128
4035
0
4034:0
1,48,35,35
4036
0
4034:1
1,128,35,35
132
2
4035:0
1,48,35,35,64,5,5,1,1,2,2,1
3314
10
4036:0
64,64
3315
0
3314:0
1,64,35,35
3316
0
3314:1
1,64,35,35
3971
9
132:0,3315:0
1,64,35,35
134
2
3316:0
1,64,35,35,96,3,3,1,1,1,1,1
135
2
134:0
1,96,35,35,96,3,3,1,1,1,1,1
4285
9
135:0,137:0
1,96,35,35
5981
9
3971:0,4285:0
1,128,35,35
141
2
5981:0
1,288,35,35,384,3,3,2,2,0,0,1
142
2
5981:0
1,288,35,35,64,1,1,1,1,0,0,1
145
5
5981:0
1,288,35,35,5,3,3,2,2,0,0,0
143
2
142:0
1,64,35,35,96,3,3,1,1,1,1,1
144
2
143:0
1,96,35,35,96,3,3,2,2,0,0,1
4779
9
141:0,144:0
1,384,17,17
6082
9
145:0,4779:0
1,480,17,17
157
5
6082:0
1,768,17,17,5,3,3,1,1,1,1,1
2621
2
6082:0
1,768,17,17,448,1,1,1,1,0,0,1
158
2
157:0
1,768,17,17,192,1,1,1,1,0,0,1
2622
10
2621:0
192,256
2623
0
2622:0
1,192,17,17
2624
0
2622:1
1,256,17,17
1992
10
2624:0
128,128
1993
0
1992:0
1,128,17,17
1994
0
1992:1
1,128,17,17
150
2
1993:0
1,128,17,17,128,1,7,1,1,0,3,1
153
2
1994:0
1,128,17,17,128,7,1,1,1,3,0,1
151
2
150:0
1,128,17,17,192,7,1,1,1,3,0,1
154
2
153:0
1,128,17,17,128,1,7,1,1,0,3,1
4844
9
151:0,2623:0
1,192,17,17
155
2
154:0
1,128,17,17,128,7,1,1,1,3,0,1
156
2
155:0
1,128,17,17,192,1,7,1,1,0,3,1
4907
9
156:0,158:0
1,192,17,17
5373
9
4844:0,4907:0
1,384,17,17
171
5
5373:0
1,768,17,17,5,3,3,1,1,1,1,1
2811
2
5373:0
1,768,17,17,512,1,1,1,1,0,0,1
172
2
171:0
1,768,17,17,192,1,1,1,1,0,0,1
2812
10
2811:0
192,320
2813
0
2812:0
1,192,17,17
2814
0
2812:1
1,320,17,17
1508
10
2814:0
160,160
1509
0
1508:0
1,160,17,17
1510
0
1508:1
1,160,17,17
164
2
1509:0
1,160,17,17,160,1,7,1,1,0,3,1
167
2
1510:0
1,160,17,17,160,7,1,1,1,3,0,1
165
2
164:0
1,160,17,17,192,7,1,1,1,3,0,1
168
2
167:0
1,160,17,17,160,1,7,1,1,0,3,1
4971
9
165:0,2813:0
1,192,17,17
169
2
168:0
1,160,17,17,160,7,1,1,1,3,0,1
170
2
169:0
1,160,17,17,192,1,7,1,1,0,3,1
5034
9
170:0,172:0
1,192,17,17
5437
9
4971:0,5034:0
1,384,17,17
185
5
5437:0
1,768,17,17,5,3,3,1,1,1,1,1
2993
2
5437:0
1,768,17,17,512,1,1,1,1,0,0,1
186
2
185:0
1,768,17,17,192,1,1,1,1,0,0,1
2994
10
2993:0
192,320
2995
0
2994:0
1,192,17,17
2996
0
2994:1
1,320,17,17
1778
10
2996:0
160,160
1779
0
1778:0
1,160,17,17
1780
0
1778:1
1,160,17,17
178
2
1779:0
1,160,17,17,160,1,7,1,1,0,3,1
181
2
1780:0
1,160,17,17,160,7,1,1,1,3,0,1
179
2
178:0
1,160,17,17,192,7,1,1,1,3,0,1
182
2
181:0
1,160,17,17,160,1,7,1,1,0,3,1
5098
9
179:0,2995:0
1,192,17,17
183
2
182:0
1,160,17,17,160,7,1,1,1,3,0,1
184
2
183:0
1,160,17,17,192,1,7,1,1,0,3,1
5161
9
184:0,186:0
1,192,17,17
5501
9
5098:0,5161:0
1,384,17,17
199
5
5501:0
1,768,17,17,5,3,3,1,1,1,1,1
3167
2
5501:0
1,768,17,17,576,1,1,1,1,0,0,1
200
2
199:0
1,768,17,17,192,1,1,1,1,0,0,1
3168
10
3167:0
192,384
3169
0
3168:0
1,192,17,17
3170
0
3168:1
1,384,17,17
195
2
3169:0
1,192,17,17,192,7,1,1,1,3,0,1
2234
10
3170:0
192,192
196
2
195:0
1,192,17,17,192,1,7,1,1,0,3,1
2235
0
2234:0
1,192,17,17
2236
0
2234:1
1,192,17,17
197
2
196:0
1,192,17,17,192,7,1,1,1,3,0,1
192
2
2236:0
1,192,17,17,192,1,7,1,1,0,3,1
198
2
197:0
1,192,17,17,192,1,7,1,1,0,3,1
193
2
192:0
1,192,17,17,192,7,1,1,1,3,0,1
5288
9
198:0,200:0
1,192,17,17
5225
9
193:0,2235:0
1,192,17,17
5565
9
5225:0,5288:0
1,384,17,17
210
4
5565:0
1,768,17,17,4,3,3,2,2,0,0,0
2455
2
5565:0
1,768,17,17,384,1,1,1,1,0,0,1
2456
10
2455:0
192,192
2457
0
2456:0
1,192,17,17
2458
0
2456:1
1,192,17,17
205
2
2457:0
1,192,17,17,320,3,3,2,2,0,0,1
207
2
2458:0
1,192,17,17,192,1,7,1,1,0,3,1
208
2
207:0
1,192,17,17,192,7,1,1,1,3,0,1
209
2
208:0
1,192,17,17,192,3,3,2,2,0,0,1
211
9
205:0,209:0,210:0
1,320,8,8
222
4
211:0
1,1280,8,8,4,3,3,1,1,1,1,0
1305
2
211:0
1,1280,8,8,1152,1,1,1,1,0,0,1
223
2
222:0
1,1280,8,8,192,1,1,1,1,0,0,1
1306
10
1305:0
320,832
1307
0
1306:0
1,320,8,8
1308
0
1306:1
1,832,8,8
1032
10
1308:0
384,448
1033
0
1032:0
1,384,8,8
1034
0
1032:1
1,448,8,8
4699
2
1033:0
1,384,8,8,768,3,3,1,1,1,1,1
218
2
1034:0
1,448,8,8,384,3,3,1,1,1,1,1
4700
10
4699:0
384,384
4441
2
218:0
1,384,8,8,768,3,3,1,1,1,1,1
4701
0
4700:0
1,384,8,8
4702
0
4700:1
1,384,8,8
4442
10
4441:0
384,384
5804
9
4701:0,4702:0
1,384,8,8
4443
0
4442:0
1,384,8,8
4444
0
4442:1
1,384,8,8
5612
9
4443:0,4444:0
1,384,8,8
224
9
223:0,1307:0,5612:0,5804:0
1,320,8,8
235
4
224:0
1,2048,8,8,4,3,3,1,1,1,1,0
765
2
224:0
1,2048,8,8,1152,1,1,1,1,0,0,1
236
2
235:0
1,2048,8,8,192,1,1,1,1,0,0,1
766
10
765:0
448,704
767
0
766:0
1,448,8,8
768
0
766:1
1,704,8,8
231
2
767:0
1,448,8,8,384,3,3,1,1,1,1,1
456
10
768:0
320,384
4535
2
231:0
1,384,8,8,768,3,3,1,1,1,1,1
457
0
456:0
1,320,8,8
458
0
456:1
1,384,8,8
4536
10
4535:0
384,384
4621
2
458:0
1,384,8,8,768,3,3,1,1,1,1,1
4537
0
4536:0
1,384,8,8
4538
0
4536:1
1,384,8,8
4622
10
4621:0
384,384
5676
9
4537:0,4538:0
1,384,8,8
4623
0
4622:0
1,384,8,8
4624
0
4622:1
1,384,8,8
5740
9
4623:0,4624:0
1,384,8,8
237
9
236:0,457:0,5676:0,5740:0
1,320,8,8
238
5
237:0
1,2048,8,8,5,8,8,1,1,0,0,0
