100
0
0:0
1,3,222,222
101
2
100:0
1,3,222,222,64,7,7,2,2,3,3,1
102
4
101:0
1,64,111,111,4,3,3,2,2,1,1,0
103
2
102:0
1,64,56,56,64,1,1,1,1,0,0,1
104
2
103:0
1,64,56,56,64,3,3,1,1,1,1,1
105
2
104:0
1,64,56,56,64,1,1,1,1,0,0,0
106
11
102:0,105:0
1,64,56,56
107
2
106:0
1,64,56,56,64,1,1,1,1,0,0,1
108
2
107:0
1,64,56,56,64,3,3,1,1,1,1,1
109
2
108:0
1,64,56,56,64,1,1,1,1,0,0,0
110
11
106:0,109:0
1,64,56,56
111
2
110:0
1,64,56,56,64,1,1,1,1,0,0,1
112
2
111:0
1,64,56,56,64,3,3,1,1,1,1,1
113
2
112:0
1,64,56,56,64,1,1,1,1,0,0,0
114
11
110:0,113:0
1,64,56,56
195
2
114:0
1,64,56,56,256,1,1,2,2,0,0,1
196
10
195:0
128,128
197
0
196:0
1,128,28,28
198
0
196:1
1,128,28,28
116
2
197:0
1,128,28,28,128,3,3,1,1,1,1,1
117
2
116:0
1,128,28,28,128,1,1,1,1,0,0,0
119
11
117:0,198:0
1,128,28,28
120
2
119:0
1,128,28,28,128,1,1,1,1,0,0,1
121
2
120:0
1,128,28,28,128,3,3,1,1,1,1,1
122
2
121:0
1,128,28,28,128,1,1,1,1,0,0,0
123
11
119:0,122:0
1,128,28,28
124
2
123:0
1,128,28,28,128,1,1,1,1,0,0,1
125
2
124:0
1,128,28,28,128,3,3,1,1,1,1,1
126
2
125:0
1,128,28,28,128,1,1,1,1,0,0,0
127
11
123:0,126:0
1,128,28,28
128
2
127:0
1,128,28,28,128,1,1,1,1,0,0,1
129
2
128:0
1,128,28,28,128,3,3,1,1,1,1,1
130
2
129:0
1,128,28,28,128,1,1,1,1,0,0,0
131
11
127:0,130:0
1,128,28,28
211
2
131:0
1,128,28,28,512,1,1,2,2,0,0,1
212
10
211:0
256,256
213
0
212:0
1,256,14,14
214
0
212:1
1,256,14,14
133
2
213:0
1,256,14,14,256,3,3,1,1,1,1,1
134
2
133:0
1,256,14,14,256,1,1,1,1,0,0,0
136
11
134:0,214:0
1,256,14,14
137
2
136:0
1,256,14,14,256,1,1,1,1,0,0,1
138
2
137:0
1,256,14,14,256,3,3,1,1,1,1,1
139
2
138:0
1,256,14,14,256,1,1,1,1,0,0,0
140
11
136:0,139:0
1,256,14,14
141
2
140:0
1,256,14,14,256,1,1,1,1,0,0,1
142
2
141:0
1,256,14,14,256,3,3,1,1,1,1,1
143
2
142:0
1,256,14,14,256,1,1,1,1,0,0,0
144
11
140:0,143:0
1,256,14,14
145
2
144:0
1,256,14,14,256,1,1,1,1,0,0,1
146
2
145:0
1,256,14,14,256,3,3,1,1,1,1,1
147
2
146:0
1,256,14,14,256,1,1,1,1,0,0,0
148
11
144:0,147:0
1,256,14,14
149
2
148:0
1,256,14,14,256,1,1,1,1,0,0,1
150
2
149:0
1,256,14,14,256,3,3,1,1,1,1,1
151
2
150:0
1,256,14,14,256,1,1,1,1,0,0,0
152
11
148:0,151:0
1,256,14,14
153
2
152:0
1,256,14,14,256,1,1,1,1,0,0,1
154
2
153:0
1,256,14,14,256,3,3,1,1,1,1,1
155
2
154:0
1,256,14,14,256,1,1,1,1,0,0,0
156
11
152:0,155:0
1,256,14,14
187
2
156:0
1,256,14,14,1024,1,1,2,2,0,0,1
188
10
187:0
512,512
189
0
188:0
1,512,7,7
190
0
188:1
1,512,7,7
158
2
189:0
1,512,7,7,512,3,3,1,1,1,1,1
159
2
158:0
1,512,7,7,512,1,1,1,1,0,0,0
161
11
159:0,190:0
1,512,7,7
162
2
161:0
1,512,7,7,512,1,1,1,1,0,0,1
163
2
162:0
1,512,7,7,512,3,3,1,1,1,1,1
164
2
163:0
1,512,7,7,512,1,1,1,1,0,0,0
165
11
161:0,164:0
1,512,7,7
166
2
165:0
1,512,7,7,512,1,1,1,1,0,0,1
167
2
166:0
1,512,7,7,512,3,3,1,1,1,1,1
168
2
167:0
1,512,7,7,512,1,1,1,1,0,0,0
169
11
165:0,168:0
1,512,7,7
170
5
169:0
1,512,7,7,5,7,7,1,1,0,0,0
