100
0
0:0
1,1,1024,0
101
0
0:0
1,1,1024,0
102
0
0:0
1,1,1024,0
103
0
0:0
1,1,1024,0
104
0
0:0
1,1,1024,0
105
0
0:0
1,1,1024,0
106
0
0:0
1,1,1024,0
107
0
0:0
1,1,1024,0
108
0
0:0
1,1,1024,0
109
0
0:0
1,1,1024,0
110
0
0:0
1,1,1024,0
111
0
0:0
1,1,1024,0
112
0
0:0
1,1,1024,0
113
0
0:0
1,1,1024,0
114
0
0:0
1,1,1024,0
115
0
0:0
1,1,1024,0
116
0
0:0
1,1,1024,0
117
0
0:0
1,1,1024,0
118
0
0:0
1,1,1024,0
119
0
0:0
1,1,1024,0
120
0
0:0
1,1,1024,0
900
13
100:0
1,1,1024,1024,0
1895
13
101:0
1,1,1024,1024,0
3288
13
102:0
1,1,1024,1024,0
3721
13
103:0
1,1,1024,1024,0
4560
13
104:0
1,1,1024,1024,0
5347
13
105:0
1,1,1024,1024,0
6082
13
106:0
1,1,1024,1024,0
6765
13
107:0
1,1,1024,1024,0
7396
13
108:0
1,1,1024,1024,0
7975
13
109:0
1,1,1024,1024,0
8502
13
110:0
1,1,1024,1024,0
8977
13
111:0
1,1,1024,1024,0
9400
13
112:0
1,1,1024,1024,0
9771
13
113:0
1,1,1024,1024,0
10090
13
114:0
1,1,1024,1024,0
10357
13
115:0
1,1,1024,1024,0
10572
13
116:0
1,1,1024,1024,0
10735
13
117:0
1,1,1024,1024,0
10846
13
118:0
1,1,1024,1024,0
10905
13
119:0
1,1,1024,1024,0
901
10
900:0
1,1
1896
10
1895:0
1,1
3289
10
3288:0
1,1
3722
10
3721:0
1,1
4561
10
4560:0
1,1
5348
10
5347:0
1,1
6083
10
6082:0
1,1
6766
10
6765:0
1,1
7397
10
7396:0
1,1
7976
10
7975:0
1,1
8503
10
8502:0
1,1
8978
10
8977:0
1,1
9401
10
9400:0
1,1
9772
10
9771:0
1,1
10091
10
10090:0
1,1
10358
10
10357:0
1,1
10573
10
10572:0
1,1
10736
10
10735:0
1,1
10847
10
10846:0
1,1
10906
10
10905:0
1,1
902
0
901:0
1,1,1024,0
903
0
901:1
1,1,1024,0
1897
0
1896:0
1,1,1024,0
1898
0
1896:1
1,1,1024,0
3290
0
3289:0
1,1,1024,0
3291
0
3289:1
1,1,1024,0
3723
0
3722:0
1,1,1024,0
3724
0
3722:1
1,1,1024,0
4562
0
4561:0
1,1,1024,0
4563
0
4561:1
1,1,1024,0
5349
0
5348:0
1,1,1024,0
5350
0
5348:1
1,1,1024,0
6084
0
6083:0
1,1,1024,0
6085
0
6083:1
1,1,1024,0
6767
0
6766:0
1,1,1024,0
6768
0
6766:1
1,1,1024,0
7398
0
7397:0
1,1,1024,0
7399
0
7397:1
1,1,1024,0
7977
0
7976:0
1,1,1024,0
7978
0
7976:1
1,1,1024,0
8504
0
8503:0
1,1,1024,0
8505
0
8503:1
1,1,1024,0
8979
0
8978:0
1,1,1024,0
8980
0
8978:1
1,1,1024,0
9402
0
9401:0
1,1,1024,0
9403
0
9401:1
1,1,1024,0
9773
0
9772:0
1,1,1024,0
9774
0
9772:1
1,1,1024,0
10092
0
10091:0
1,1,1024,0
10093
0
10091:1
1,1,1024,0
10359
0
10358:0
1,1,1024,0
10360
0
10358:1
1,1,1024,0
10574
0
10573:0
1,1,1024,0
10575
0
10573:1
1,1,1024,0
10737
0
10736:0
1,1,1024,0
10738
0
10736:1
1,1,1024,0
10848
0
10847:0
1,1,1024,0
10849
0
10847:1
1,1,1024,0
10907
0
10906:0
1,1,1024,0
10908
0
10906:1
1,1,1024,0
125
7
902:0
1,1,1024,0
382
10
903:0
1,1
136
7
1897:0
1,1,1024,0
1403
10
1898:0
1,1
147
7
3290:0
1,1,1024,0
2372
10
3291:0
1,1
158
7
3723:0
1,1,1024,0
2847
10
3724:0
1,1
169
7
4562:0
1,1,1024,0
4146
10
4563:0
1,1
180
7
5349:0
1,1,1024,0
4959
10
5350:0
1,1
191
7
6084:0
1,1,1024,0
5720
10
6085:0
1,1
202
7
6767:0
1,1,1024,0
6429
10
6768:0
1,1
213
7
7398:0
1,1,1024,0
7086
10
7399:0
1,1
224
7
7977:0
1,1,1024,0
7691
10
7978:0
1,1
235
7
8504:0
1,1,1024,0
8244
10
8505:0
1,1
246
7
8979:0
1,1,1024,0
8745
10
8980:0
1,1
257
7
9402:0
1,1,1024,0
9194
10
9403:0
1,1
268
7
9773:0
1,1,1024,0
9591
10
9774:0
1,1
279
7
10092:0
1,1,1024,0
9936
10
10093:0
1,1
290
7
10359:0
1,1,1024,0
10229
10
10360:0
1,1
301
7
10574:0
1,1,1024,0
10470
10
10575:0
1,1
312
7
10737:0
1,1,1024,0
10659
10
10738:0
1,1
323
7
10848:0
1,1,1024,0
10796
10
10849:0
1,1
334
7
10907:0
1,1,1024,0
10881
10
10908:0
1,1
129
12
100:0,125:0
1,1,1024,0
383
0
382:0
1,1,1024,0
384
0
382:1
1,1,1024,0
140
12
101:0,136:0
1,1,1024,0
1404
0
1403:0
1,1,1024,0
1405
0
1403:1
1,1,1024,0
151
12
102:0,147:0
1,1,1024,0
2373
0
2372:0
1,1,1024,0
2374
0
2372:1
1,1,1024,0
162
12
103:0,158:0
1,1,1024,0
2848
0
2847:0
1,1,1024,0
2849
0
2847:1
1,1,1024,0
173
12
104:0,169:0
1,1,1024,0
4147
0
4146:0
1,1,1024,0
4148
0
4146:1
1,1,1024,0
184
12
105:0,180:0
1,1,1024,0
4960
0
4959:0
1,1,1024,0
4961
0
4959:1
1,1,1024,0
195
12
106:0,191:0
1,1,1024,0
5721
0
5720:0
1,1,1024,0
5722
0
5720:1
1,1,1024,0
206
12
107:0,202:0
1,1,1024,0
6430
0
6429:0
1,1,1024,0
6431
0
6429:1
1,1,1024,0
217
12
108:0,213:0
1,1,1024,0
7087
0
7086:0
1,1,1024,0
7088
0
7086:1
1,1,1024,0
228
12
109:0,224:0
1,1,1024,0
7692
0
7691:0
1,1,1024,0
7693
0
7691:1
1,1,1024,0
239
12
110:0,235:0
1,1,1024,0
8245
0
8244:0
1,1,1024,0
8246
0
8244:1
1,1,1024,0
250
12
111:0,246:0
1,1,1024,0
8746
0
8745:0
1,1,1024,0
8747
0
8745:1
1,1,1024,0
261
12
112:0,257:0
1,1,1024,0
9195
0
9194:0
1,1,1024,0
9196
0
9194:1
1,1,1024,0
272
12
113:0,268:0
1,1,1024,0
9592
0
9591:0
1,1,1024,0
9593
0
9591:1
1,1,1024,0
283
12
114:0,279:0
1,1,1024,0
9937
0
9936:0
1,1,1024,0
9938
0
9936:1
1,1,1024,0
294
12
115:0,290:0
1,1,1024,0
10230
0
10229:0
1,1,1024,0
10231
0
10229:1
1,1,1024,0
305
12
116:0,301:0
1,1,1024,0
10471
0
10470:0
1,1,1024,0
10472
0
10470:1
1,1,1024,0
316
12
117:0,312:0
1,1,1024,0
10660
0
10659:0
1,1,1024,0
10661
0
10659:1
1,1,1024,0
327
12
118:0,323:0
1,1,1024,0
10797
0
10796:0
1,1,1024,0
10798
0
10796:1
1,1,1024,0
338
12
119:0,334:0
1,1,1024,0
10882
0
10881:0
1,1,1024,0
10883
0
10881:1
1,1,1024,0
123
7
384:0
1,1,1024,0
134
7
1405:0
1,1,1024,0
145
7
2374:0
1,1,1024,0
156
7
2849:0
1,1,1024,0
167
7
4148:0
1,1,1024,0
178
7
4961:0
1,1,1024,0
189
7
5722:0
1,1,1024,0
200
7
6431:0
1,1,1024,0
211
7
7088:0
1,1,1024,0
222
7
7693:0
1,1,1024,0
233
7
8246:0
1,1,1024,0
244
7
8747:0
1,1,1024,0
255
7
9196:0
1,1,1024,0
266
7
9593:0
1,1,1024,0
277
7
9938:0
1,1,1024,0
288
7
10231:0
1,1,1024,0
299
7
10472:0
1,1,1024,0
310
7
10661:0
1,1,1024,0
321
7
10798:0
1,1,1024,0
332
7
10883:0
1,1,1024,0
126
12
123:0,383:0
1,1,1024,0
127
12
120:0,123:0
1,1,1024,0
137
12
134:0,1404:0
1,1,1024,0
148
12
145:0,2373:0
1,1,1024,0
159
12
156:0,2848:0
1,1,1024,0
170
12
167:0,4147:0
1,1,1024,0
181
12
178:0,4960:0
1,1,1024,0
192
12
189:0,5721:0
1,1,1024,0
203
12
200:0,6430:0
1,1,1024,0
214
12
211:0,7087:0
1,1,1024,0
225
12
222:0,7692:0
1,1,1024,0
236
12
233:0,8245:0
1,1,1024,0
247
12
244:0,8746:0
1,1,1024,0
258
12
255:0,9195:0
1,1,1024,0
269
12
266:0,9592:0
1,1,1024,0
280
12
277:0,9937:0
1,1,1024,0
291
12
288:0,10230:0
1,1,1024,0
302
12
299:0,10471:0
1,1,1024,0
313
12
310:0,10660:0
1,1,1024,0
324
12
321:0,10797:0
1,1,1024,0
335
12
332:0,10882:0
1,1,1024,0
128
11
126:0,127:0
1,1,1024,0
130
12
125:0,128:0
1,1,1024,0
138
12
128:0,134:0
1,1,1024,0
131
11
129:0,130:0
1,1,1024,0
139
11
137:0,138:0
1,1,1024,0
141
12
136:0,139:0
1,1,1024,0
149
12
139:0,145:0
1,1,1024,0
142
11
140:0,141:0
1,1,1024,0
150
11
148:0,149:0
1,1,1024,0
152
12
147:0,150:0
1,1,1024,0
160
12
150:0,156:0
1,1,1024,0
153
11
151:0,152:0
1,1,1024,0
161
11
159:0,160:0
1,1,1024,0
163
12
158:0,161:0
1,1,1024,0
171
12
161:0,167:0
1,1,1024,0
164
11
162:0,163:0
1,1,1024,0
172
11
170:0,171:0
1,1,1024,0
174
12
169:0,172:0
1,1,1024,0
182
12
172:0,178:0
1,1,1024,0
175
11
173:0,174:0
1,1,1024,0
183
11
181:0,182:0
1,1,1024,0
185
12
180:0,183:0
1,1,1024,0
193
12
183:0,189:0
1,1,1024,0
186
11
184:0,185:0
1,1,1024,0
194
11
192:0,193:0
1,1,1024,0
196
12
191:0,194:0
1,1,1024,0
204
12
194:0,200:0
1,1,1024,0
197
11
195:0,196:0
1,1,1024,0
205
11
203:0,204:0
1,1,1024,0
207
12
202:0,205:0
1,1,1024,0
215
12
205:0,211:0
1,1,1024,0
208
11
206:0,207:0
1,1,1024,0
216
11
214:0,215:0
1,1,1024,0
218
12
213:0,216:0
1,1,1024,0
226
12
216:0,222:0
1,1,1024,0
219
11
217:0,218:0
1,1,1024,0
227
11
225:0,226:0
1,1,1024,0
229
12
224:0,227:0
1,1,1024,0
237
12
227:0,233:0
1,1,1024,0
230
11
228:0,229:0
1,1,1024,0
238
11
236:0,237:0
1,1,1024,0
240
12
235:0,238:0
1,1,1024,0
248
12
238:0,244:0
1,1,1024,0
241
11
239:0,240:0
1,1,1024,0
249
11
247:0,248:0
1,1,1024,0
251
12
246:0,249:0
1,1,1024,0
259
12
249:0,255:0
1,1,1024,0
252
11
250:0,251:0
1,1,1024,0
260
11
258:0,259:0
1,1,1024,0
262
12
257:0,260:0
1,1,1024,0
270
12
260:0,266:0
1,1,1024,0
263
11
261:0,262:0
1,1,1024,0
271
11
269:0,270:0
1,1,1024,0
273
12
268:0,271:0
1,1,1024,0
281
12
271:0,277:0
1,1,1024,0
274
11
272:0,273:0
1,1,1024,0
282
11
280:0,281:0
1,1,1024,0
284
12
279:0,282:0
1,1,1024,0
292
12
282:0,288:0
1,1,1024,0
285
11
283:0,284:0
1,1,1024,0
293
11
291:0,292:0
1,1,1024,0
295
12
290:0,293:0
1,1,1024,0
303
12
293:0,299:0
1,1,1024,0
296
11
294:0,295:0
1,1,1024,0
304
11
302:0,303:0
1,1,1024,0
306
12
301:0,304:0
1,1,1024,0
314
12
304:0,310:0
1,1,1024,0
307
11
305:0,306:0
1,1,1024,0
315
11
313:0,314:0
1,1,1024,0
317
12
312:0,315:0
1,1,1024,0
325
12
315:0,321:0
1,1,1024,0
318
11
316:0,317:0
1,1,1024,0
326
11
324:0,325:0
1,1,1024,0
328
12
323:0,326:0
1,1,1024,0
336
12
326:0,332:0
1,1,1024,0
329
11
327:0,328:0
1,1,1024,0
337
11
335:0,336:0
1,1,1024,0
339
12
334:0,337:0
1,1,1024,0
340
11
338:0,339:0
1,1,1024,0
