100
0
0:0
1,1,1024,0
101
0
0:0
1,1,1024,0
102
0
0:0
1,1,1024,0
103
0
0:0
1,1,1024,0
104
0
0:0
1,1,1024,0
105
0
0:0
1,1,1024,0
106
0
0:0
1,1,1024,0
107
0
0:0
1,1,1024,0
108
0
0:0
1,1,1024,0
109
0
0:0
1,1,1024,0
110
0
0:0
1,1,1024,0
111
0
0:0
1,1,1024,0
112
0
0:0
1,1,1024,0
113
0
0:0
1,1,1024,0
114
0
0:0
1,1,1024,0
115
0
0:0
1,1,1024,0
116
0
0:0
1,1,1024,0
117
0
0:0
1,1,1024,0
118
0
0:0
1,1,1024,0
119
0
0:0
1,1,1024,0
120
0
0:0
1,1,1024,0
121
13
100:0
1,1,1024,1024,0
122
13
100:0
1,1,1024,1024,0
124
13
100:0
1,1,1024,1024,0
132
13
101:0
1,1,1024,1024,0
133
13
101:0
1,1,1024,1024,0
135
13
101:0
1,1,1024,1024,0
143
13
102:0
1,1,1024,1024,0
144
13
102:0
1,1,1024,1024,0
146
13
102:0
1,1,1024,1024,0
154
13
103:0
1,1,1024,1024,0
155
13
103:0
1,1,1024,1024,0
157
13
103:0
1,1,1024,1024,0
165
13
104:0
1,1,1024,1024,0
166
13
104:0
1,1,1024,1024,0
168
13
104:0
1,1,1024,1024,0
176
13
105:0
1,1,1024,1024,0
177
13
105:0
1,1,1024,1024,0
179
13
105:0
1,1,1024,1024,0
187
13
106:0
1,1,1024,1024,0
188
13
106:0
1,1,1024,1024,0
190
13
106:0
1,1,1024,1024,0
198
13
107:0
1,1,1024,1024,0
199
13
107:0
1,1,1024,1024,0
201
13
107:0
1,1,1024,1024,0
209
13
108:0
1,1,1024,1024,0
210
13
108:0
1,1,1024,1024,0
212
13
108:0
1,1,1024,1024,0
220
13
109:0
1,1,1024,1024,0
221
13
109:0
1,1,1024,1024,0
223
13
109:0
1,1,1024,1024,0
231
13
110:0
1,1,1024,1024,0
232
13
110:0
1,1,1024,1024,0
234
13
110:0
1,1,1024,1024,0
242
13
111:0
1,1,1024,1024,0
243
13
111:0
1,1,1024,1024,0
245
13
111:0
1,1,1024,1024,0
253
13
112:0
1,1,1024,1024,0
254
13
112:0
1,1,1024,1024,0
256
13
112:0
1,1,1024,1024,0
264
13
113:0
1,1,1024,1024,0
265
13
113:0
1,1,1024,1024,0
267
13
113:0
1,1,1024,1024,0
275
13
114:0
1,1,1024,1024,0
276
13
114:0
1,1,1024,1024,0
278
13
114:0
1,1,1024,1024,0
286
13
115:0
1,1,1024,1024,0
287
13
115:0
1,1,1024,1024,0
289
13
115:0
1,1,1024,1024,0
297
13
116:0
1,1,1024,1024,0
298
13
116:0
1,1,1024,1024,0
300
13
116:0
1,1,1024,1024,0
308
13
117:0
1,1,1024,1024,0
309
13
117:0
1,1,1024,1024,0
311
13
117:0
1,1,1024,1024,0
319
13
118:0
1,1,1024,1024,0
320
13
118:0
1,1,1024,1024,0
322
13
118:0
1,1,1024,1024,0
330
13
119:0
1,1,1024,1024,0
331
13
119:0
1,1,1024,1024,0
333
13
119:0
1,1,1024,1024,0
123
7
122:0
1,1,1024,0
125
7
124:0
1,1,1024,0
134
7
133:0
1,1,1024,0
136
7
135:0
1,1,1024,0
145
7
144:0
1,1,1024,0
147
7
146:0
1,1,1024,0
156
7
155:0
1,1,1024,0
158
7
157:0
1,1,1024,0
167
7
166:0
1,1,1024,0
169
7
168:0
1,1,1024,0
178
7
177:0
1,1,1024,0
180
7
179:0
1,1,1024,0
189
7
188:0
1,1,1024,0
191
7
190:0
1,1,1024,0
200
7
199:0
1,1,1024,0
202
7
201:0
1,1,1024,0
211
7
210:0
1,1,1024,0
213
7
212:0
1,1,1024,0
222
7
221:0
1,1,1024,0
224
7
223:0
1,1,1024,0
233
7
232:0
1,1,1024,0
235
7
234:0
1,1,1024,0
244
7
243:0
1,1,1024,0
246
7
245:0
1,1,1024,0
255
7
254:0
1,1,1024,0
257
7
256:0
1,1,1024,0
266
7
265:0
1,1,1024,0
268
7
267:0
1,1,1024,0
277
7
276:0
1,1,1024,0
279
7
278:0
1,1,1024,0
288
7
287:0
1,1,1024,0
290
7
289:0
1,1,1024,0
299
7
298:0
1,1,1024,0
301
7
300:0
1,1,1024,0
310
7
309:0
1,1,1024,0
312
7
311:0
1,1,1024,0
321
7
320:0
1,1,1024,0
323
7
322:0
1,1,1024,0
332
7
331:0
1,1,1024,0
334
7
333:0
1,1,1024,0
126
12
121:0,123:0
1,1,1024,0
127
12
120:0,123:0
1,1,1024,0
129
12
100:0,125:0
1,1,1024,0
137
12
132:0,134:0
1,1,1024,0
140
12
101:0,136:0
1,1,1024,0
148
12
143:0,145:0
1,1,1024,0
151
12
102:0,147:0
1,1,1024,0
159
12
154:0,156:0
1,1,1024,0
162
12
103:0,158:0
1,1,1024,0
170
12
165:0,167:0
1,1,1024,0
173
12
104:0,169:0
1,1,1024,0
181
12
176:0,178:0
1,1,1024,0
184
12
105:0,180:0
1,1,1024,0
192
12
187:0,189:0
1,1,1024,0
195
12
106:0,191:0
1,1,1024,0
203
12
198:0,200:0
1,1,1024,0
206
12
107:0,202:0
1,1,1024,0
214
12
209:0,211:0
1,1,1024,0
217
12
108:0,213:0
1,1,1024,0
225
12
220:0,222:0
1,1,1024,0
228
12
109:0,224:0
1,1,1024,0
236
12
231:0,233:0
1,1,1024,0
239
12
110:0,235:0
1,1,1024,0
247
12
242:0,244:0
1,1,1024,0
250
12
111:0,246:0
1,1,1024,0
258
12
253:0,255:0
1,1,1024,0
261
12
112:0,257:0
1,1,1024,0
269
12
264:0,266:0
1,1,1024,0
272
12
113:0,268:0
1,1,1024,0
280
12
275:0,277:0
1,1,1024,0
283
12
114:0,279:0
1,1,1024,0
291
12
286:0,288:0
1,1,1024,0
294
12
115:0,290:0
1,1,1024,0
302
12
297:0,299:0
1,1,1024,0
305
12
116:0,301:0
1,1,1024,0
313
12
308:0,310:0
1,1,1024,0
316
12
117:0,312:0
1,1,1024,0
324
12
319:0,321:0
1,1,1024,0
327
12
118:0,323:0
1,1,1024,0
335
12
330:0,332:0
1,1,1024,0
338
12
119:0,334:0
1,1,1024,0
128
11
126:0,127:0
1,1,1024,0
130
12
125:0,128:0
1,1,1024,0
138
12
128:0,134:0
1,1,1024,0
131
11
129:0,130:0
1,1,1024,0
139
11
137:0,138:0
1,1,1024,0
141
12
136:0,139:0
1,1,1024,0
149
12
139:0,145:0
1,1,1024,0
142
11
140:0,141:0
1,1,1024,0
150
11
148:0,149:0
1,1,1024,0
152
12
147:0,150:0
1,1,1024,0
160
12
150:0,156:0
1,1,1024,0
153
11
151:0,152:0
1,1,1024,0
161
11
159:0,160:0
1,1,1024,0
163
12
158:0,161:0
1,1,1024,0
171
12
161:0,167:0
1,1,1024,0
164
11
162:0,163:0
1,1,1024,0
172
11
170:0,171:0
1,1,1024,0
174
12
169:0,172:0
1,1,1024,0
182
12
172:0,178:0
1,1,1024,0
175
11
173:0,174:0
1,1,1024,0
183
11
181:0,182:0
1,1,1024,0
185
12
180:0,183:0
1,1,1024,0
193
12
183:0,189:0
1,1,1024,0
186
11
184:0,185:0
1,1,1024,0
194
11
192:0,193:0
1,1,1024,0
196
12
191:0,194:0
1,1,1024,0
204
12
194:0,200:0
1,1,1024,0
197
11
195:0,196:0
1,1,1024,0
205
11
203:0,204:0
1,1,1024,0
207
12
202:0,205:0
1,1,1024,0
215
12
205:0,211:0
1,1,1024,0
208
11
206:0,207:0
1,1,1024,0
216
11
214:0,215:0
1,1,1024,0
218
12
213:0,216:0
1,1,1024,0
226
12
216:0,222:0
1,1,1024,0
219
11
217:0,218:0
1,1,1024,0
227
11
225:0,226:0
1,1,1024,0
229
12
224:0,227:0
1,1,1024,0
237
12
227:0,233:0
1,1,1024,0
230
11
228:0,229:0
1,1,1024,0
238
11
236:0,237:0
1,1,1024,0
240
12
235:0,238:0
1,1,1024,0
248
12
238:0,244:0
1,1,1024,0
241
11
239:0,240:0
1,1,1024,0
249
11
247:0,248:0
1,1,1024,0
251
12
246:0,249:0
1,1,1024,0
259
12
249:0,255:0
1,1,1024,0
252
11
250:0,251:0
1,1,1024,0
260
11
258:0,259:0
1,1,1024,0
262
12
257:0,260:0
1,1,1024,0
270
12
260:0,266:0
1,1,1024,0
263
11
261:0,262:0
1,1,1024,0
271
11
269:0,270:0
1,1,1024,0
273
12
268:0,271:0
1,1,1024,0
281
12
271:0,277:0
1,1,1024,0
274
11
272:0,273:0
1,1,1024,0
282
11
280:0,281:0
1,1,1024,0
284
12
279:0,282:0
1,1,1024,0
292
12
282:0,288:0
1,1,1024,0
285
11
283:0,284:0
1,1,1024,0
293
11
291:0,292:0
1,1,1024,0
295
12
290:0,293:0
1,1,1024,0
303
12
293:0,299:0
1,1,1024,0
296
11
294:0,295:0
1,1,1024,0
304
11
302:0,303:0
1,1,1024,0
306
12
301:0,304:0
1,1,1024,0
314
12
304:0,310:0
1,1,1024,0
307
11
305:0,306:0
1,1,1024,0
315
11
313:0,314:0
1,1,1024,0
317
12
312:0,315:0
1,1,1024,0
325
12
315:0,321:0
1,1,1024,0
318
11
316:0,317:0
1,1,1024,0
326
11
324:0,325:0
1,1,1024,0
328
12
323:0,326:0
1,1,1024,0
336
12
326:0,332:0
1,1,1024,0
329
11
327:0,328:0
1,1,1024,0
337
11
335:0,336:0
1,1,1024,0
339
12
334:0,337:0
1,1,1024,0
340
11
338:0,339:0
1,1,1024,0
