100
0
0:0
1,3,222,222
101
2
100:0
1,3,222,222,96,7,7,2,2,3,3,1
102
4
101:0
1,96,111,111,4,3,3,2,2,0,0,0
679
2
102:0
1,96,55,55,144,1,1,1,1,0,0,1
680
10
679:0
16,128
681
0
680:0
1,16,55,55
682
0
680:1
1,128,55,55
1479
2
681:0
1,16,55,55,128,3,3,1,1,1,1,1
1480
10
1479:0
64,64
1481
0
1480:0
1,64,55,55
1482
0
1480:1
1,64,55,55
351
9
1481:0,1482:0
1,64,55,55
108
11
351:0,682:0
1,128,55,55
109
2
108:0
1,128,55,55,16,1,1,1,1,0,0,1
1367
2
109:0
1,16,55,55,128,3,3,1,1,1,1,1
1368
10
1367:0
64,64
1369
0
1368:0
1,64,55,55
1370
0
1368:1
1,64,55,55
457
9
1369:0,1370:0
1,64,55,55
113
11
108:0,457:0
1,128,55,55
114
2
113:0
1,128,55,55,32,1,1,1,1,0,0,1
118
2
113:0
1,128,55,55,256,1,1,1,1,0,0,1
1055
2
114:0
1,32,55,55,256,3,3,1,1,1,1,1
1056
10
1055:0
128,128
1057
0
1056:0
1,128,55,55
1058
0
1056:1
1,128,55,55
563
9
1057:0,1058:0
1,128,55,55
119
11
118:0,563:0
1,256,55,55
120
4
119:0
1,256,55,55,4,3,3,2,2,0,0,0
121
2
120:0
1,256,27,27,32,1,1,1,1,0,0,1
1303
2
121:0
1,32,27,27,256,3,3,1,1,1,1,1
1304
10
1303:0
128,128
1305
0
1304:0
1,128,27,27
1306
0
1304:1
1,128,27,27
853
9
1305:0,1306:0
1,128,27,27
125
11
120:0,853:0
1,256,27,27
623
2
125:0
1,256,27,27,432,1,1,1,1,0,0,1
624
10
623:0
48,384
625
0
624:0
1,48,27,27
626
0
624:1
1,384,27,27
127
2
625:0
1,48,27,27,192,3,3,1,1,1,1,1
128
2
625:0
1,48,27,27,192,1,1,1,1,0,0,1
943
9
127:0,128:0
1,192,27,27
131
11
626:0,943:0
1,384,27,27
132
2
131:0
1,384,27,27,48,1,1,1,1,0,0,1
133
2
132:0
1,48,27,27,192,3,3,1,1,1,1,1
134
2
132:0
1,48,27,27,192,1,1,1,1,0,0,1
1033
9
133:0,134:0
1,192,27,27
136
11
131:0,1033:0
1,384,27,27
223
2
136:0
1,384,27,27,576,1,1,1,1,0,0,1
224
10
223:0
64,512
225
0
224:0
1,64,27,27
226
0
224:1
1,512,27,27
138
2
225:0
1,64,27,27,256,3,3,1,1,1,1,1
139
2
225:0
1,64,27,27,256,1,1,1,1,0,0,1
1281
9
138:0,139:0
1,256,27,27
142
11
226:0,1281:0
1,512,27,27
143
4
142:0
1,512,27,27,4,3,3,2,2,0,0,0
144
2
143:0
1,512,13,13,64,1,1,1,1,0,0,1
145
2
144:0
1,64,13,13,256,3,3,1,1,1,1,1
146
2
144:0
1,64,13,13,256,1,1,1,1,0,0,1
1203
9
145:0,146:0
1,256,13,13
148
11
143:0,1203:0
1,512,13,13
149
2
148:0
1,512,13,13,1000,1,1,1,1,0,0,1
150
5
149:0
1,1000,13,13,5,13,13,1,1,0,0,0
