100
0
0:0
1,3,222,222
101
2
100:0
1,3,222,222,96,7,7,2,2,3,3,1
102
4
101:0
1,96,111,111,4,3,3,2,2,0,0,0
103
2
102:0
1,96,55,55,16,1,1,1,1,0,0,1
107
2
102:0
1,96,55,55,128,1,1,1,1,0,0,1
104
2
103:0
1,16,55,55,64,3,3,1,1,1,1,1
105
2
103:0
1,16,55,55,64,1,1,1,1,0,0,1
106
9
104:0,105:0
1,64,55,55
108
11
106:0,107:0
1,128,55,55
109
2
108:0
1,128,55,55,16,1,1,1,1,0,0,1
110
2
109:0
1,16,55,55,64,3,3,1,1,1,1,1
111
2
109:0
1,16,55,55,64,1,1,1,1,0,0,1
112
9
110:0,111:0
1,64,55,55
113
11
108:0,112:0
1,128,55,55
114
2
113:0
1,128,55,55,32,1,1,1,1,0,0,1
118
2
113:0
1,128,55,55,256,1,1,1,1,0,0,1
115
2
114:0
1,32,55,55,128,3,3,1,1,1,1,1
116
2
114:0
1,32,55,55,128,1,1,1,1,0,0,1
117
9
115:0,116:0
1,128,55,55
119
11
117:0,118:0
1,256,55,55
120
4
119:0
1,256,55,55,4,3,3,2,2,0,0,0
121
2
120:0
1,256,27,27,32,1,1,1,1,0,0,1
122
2
121:0
1,32,27,27,128,3,3,1,1,1,1,1
123
2
121:0
1,32,27,27,128,1,1,1,1,0,0,1
124
9
122:0,123:0
1,128,27,27
125
11
120:0,124:0
1,256,27,27
126
2
125:0
1,256,27,27,48,1,1,1,1,0,0,1
130
2
125:0
1,256,27,27,384,1,1,1,1,0,0,1
127
2
126:0
1,48,27,27,192,3,3,1,1,1,1,1
128
2
126:0
1,48,27,27,192,1,1,1,1,0,0,1
129
9
127:0,128:0
1,192,27,27
131
11
129:0,130:0
1,384,27,27
132
2
131:0
1,384,27,27,48,1,1,1,1,0,0,1
133
2
132:0
1,48,27,27,192,3,3,1,1,1,1,1
134
2
132:0
1,48,27,27,192,1,1,1,1,0,0,1
135
9
133:0,134:0
1,192,27,27
136
11
131:0,135:0
1,384,27,27
137
2
136:0
1,384,27,27,64,1,1,1,1,0,0,1
141
2
136:0
1,384,27,27,512,1,1,1,1,0,0,1
138
2
137:0
1,64,27,27,256,3,3,1,1,1,1,1
139
2
137:0
1,64,27,27,256,1,1,1,1,0,0,1
140
9
138:0,139:0
1,256,27,27
142
11
140:0,141:0
1,512,27,27
143
4
142:0
1,512,27,27,4,3,3,2,2,0,0,0
144
2
143:0
1,512,13,13,64,1,1,1,1,0,0,1
145
2
144:0
1,64,13,13,256,3,3,1,1,1,1,1
146
2
144:0
1,64,13,13,256,1,1,1,1,0,0,1
147
9
145:0,146:0
1,256,13,13
148
11
143:0,147:0
1,512,13,13
149
2
148:0
1,512,13,13,1000,1,1,1,1,0,0,1
150
5
149:0
1,1000,13,13,5,13,13,1,1,0,0,0
